900002000100500004003000570000008690600000002014900000059000400200001006000300005
000000000701000805500819007004607300050000020007103500006985002409000608000000000
000200000028007500090014000160000000200301007000000084000540090003800650000006000
045000000000020790006030004000002530010000040059600000400010300067090000000000480
076000000000840007409000030702008040000000000030600809000400603500072000000000250
000010000760000590105000800000790010003000200080061000008000703074000086000030000
090000023000700080003900007107060000060040070000050608200001900008004000310000050
390004000000000900000502007250030090010000040070040085700901000001000000000800053
008000013000600500107090000050003069000000000320400070000050804005006000840000600
500030609020007400000000020001003005000286000600700900010000000007100040403090002
000080063004703001060000009030000206000030000502000080400000010600801700910050000
008000300000391000010802070250000031000030000830000056040106080000489000005000600
700000000006750209004090000400002090080000020050800003000010500103048600000000001
000000400000810000800063970010000704020708060706000090089420003000096000003000000
000730200020050080700400000000000605630000047108000000000009003090020060005076000
800732001000000000190000028004501600700000004009407100240000036000000000900128007
006000004020060007301008000004005030007000500090600800000800602100090050500000900
008000000070006500506008100300070010040000090010050002003700801009800070000000400
000004009460800003001090004000602070000000000020503000800010900100007042300900000
500000900000200001000130520020000007009406300400000010054069000900001000006000003
060300010035600200000008900000005070090080060080900000003700000006001420010002080
400003000000260009508000600820000010007000200010000063004000508100082000000900004
302008000950006000000031400000000230800000009067000000006570000000100085000200901
001040200000703000305000801020000080000609000090000050506000103000501000008060400
000006500827000001000027000008600000510000067000001200000790000600000829004500000
000002500304680000100000600051040000070060040000010780007000009000028103008700000
000360700080000020000907001000030100036000480005070000700209000050000060002046000
040108200057000000000002600004600000608000409000007500001300000000000730009501060
080007050090810000065200000004600000003000200000008700000004890000056030070900040
002060000006007009007008400900030001300502004600010003005300800800600500000020900
010008407950000000008010000082000000700406008000000620000050700000000082503200010
750090046901000302000000000200601007080000020100308005000000000309000204840030079
000890020009005007050000300093500100000107000001006840008000060900600400010028000
080790000000002090003008450008000001096000370300000200032500900040800000000064020
000400002004012009070008000020090170000080000061050040000900050600120300100003000
100034009740000000000080200090720150000000000017093020003050000000000096600970005
060000027000510000700800009540070000000408000000030082300002001000063000690000030
000340000200000407070008005003001002009060800700200300500600010102000009000014000
080000020001000600200050003006501200700604009004709300600010005007000900040000030
019200500700080300040500000300000000020107080000000001000004050005010006002006790
090568020000000000056000790300409007000000000400201008074000510000000000020134070
100000004245000708030500000900003100000807000007600002000009040402000653300000009
001400000000078601000050900080000023013000560950000070005040000309180000000007300
100000009060807050007000200210050093000408000430020087001000900050609040600000008
000080020400007900803400000000005001940010052500300000000009703009800004030060000
400000100002600400670000092020004000010709060000300020130000079007005300008000001
009000002000310800208600000050020001000408000600090040000006403007085000100000200
000002900008040070000607030040000050053809260010000090030204000070050600005700000
050030000001600908340701000000007005090000080700200000000309061604008300000060070
800040103000500700130000000000206080500000004020407000000000031002004000604070005
007300200300000001800620000073400005000000000500008490000067004200000006009004300
030000740000000080000485620200009000060104030000800009096731000020000000017000060
100000000002300074000200085600870050000906000090024003580002000940007800000000006
300100004000000090002009030100200700003000800008006001010400200050000000400007008
460001000002096000030000068000000037000607000510000000840000050000710900000300024
000050000009006800057000240080904000200060003000308010048000350001400700000090000
036000740000605000200000009705000201000209000902000403300000002000908000071000950
000000008003970000600030020800200070079000240010007009060050004000042900500000000
046000890000000000007953200070030050000407000090020080002741500000000000051000430
800000003000700000002004189008000000709601802000000300651300700000002000200000001
056000000100700200000092000014080000800000009000040350000530000009008002000000160
007090000080000102600002040400000009000346000500000007050900003301000020000060800
000000300000900070009050081410006000060070020000200054140030200080002000005000000
300006000000021000860007320024000000900000003000000670093100052000750000000800006
005430010100002000700000009080000020300000006020000030200000008000900007040081500
010000008630000400005700600000600030000239000050001000008004300002000095900000020
200000000090800056007300019000430080000000000040059000720001300180005070000000005
305001004002008000000060082940000000003000700000000043250010000000500900100400307
004870030210009000003000000060500000401000905000007020000000100000200078050086400
710000000209050600000008090006032000008000400000180900030700000004010708000000053
000673000300000004007000900010702080004090600080106090005000300200000007000429000
000005090006100003014890000960000000000020000000000072000018640700009200020300000
000009000030010006090280400059006003000000000800700940004025030200070050000800000
005000400800000003030802090000308000207040301000709000040605020600000005009000100
000600050804000600020080030000703004006050100300108000070010020002000301090007000
002090000080600001000010680700000000050206040000000008069070000500009030000030700
000910406500006000104080000700000050010000080020000003000060109000500002401073000
000070001640002009008000000803500000004080900000009706000000300900100062500040000
000057080300000000002900400200809300400000007007406008006002700000000005090310000
900002000100500004003000570000008690600000002014900000059000400200001006000300005
000000000701000805500819007004607300050000020007103500006985002409000608000000000
000200000028007500090014000160000000200301007000000084000540090003800650000006000
045000000000020790006030004000002530010000040059600000400010300067090000000000480
076000000000840007409000030702008040000000000030600809000400603500072000000000250
000010000760000590105000800000790010003000200080061000008000703074000086000030000
090000023000700080003900007107060000060040070000050608200001900008004000310000050
390004000000000900000502007250030090010000040070040085700901000001000000000800053
008000013000600500107090000050003069000000000320400070000050804005006000840000600
500030609020007400000000020001003005000286000600700900010000000007100040403090002
000080063004703001060000009030000206000030000502000080400000010600801700910050000
008000300000391000010802070250000031000030000830000056040106080000489000005000600
700000000006750209004090000400002090080000020050800003000010500103048600000000001
000000400000810000800063970010000704020708060706000090089420003000096000003000000
000730200020050080700400000000000605630000047108000000000009003090020060005076000
800732001000000000190000028004501600700000004009407100240000036000000000900128007
006000004020060007301008000004005030007000500090600800000800602100090050500000900
008000000070006500506008100300070010040000090010050002003700801009800070000000400
000004009460800003001090004000602070000000000020503000800010900100007042300900000
500000900000200001000130520020000007009406300400000010054069000900001000006000003
060300010035600200000008900000005070090080060080900000003700000006001420010002080
400003000000260009508000600820000010007000200010000063004000508100082000000900004
302008000950006000000031400000000230800000009067000000006570000000100085000200901
001040200000703000305000801020000080000609000090000050506000103000501000008060400
000006500827000001000027000008600000510000067000001200000790000600000829004500000
000002500304680000100000600051040000070060040000010780007000009000028103008700000
000360700080000020000907001000030100036000480005070000700209000050000060002046000
040108200057000000000002600004600000608000409000007500001300000000000730009501060
080007050090810000065200000004600000003000200000008700000004890000056030070900040
002060000006007009007008400900030001300502004600010003005300800800600500000020900
010008407950000000008010000082000000700406008000000620000050700000000082503200010
750090046901000302000000000200601007080000020100308005000000000309000204840030079
000890020009005007050000300093500100000107000001006840008000060900600400010028000
080790000000002090003008450008000001096000370300000200032500900040800000000064020
000400002004012009070008000020090170000080000061050040000900050600120300100003000
100034009740000000000080200090720150000000000017093020003050000000000096600970005
060000027000510000700800009540070000000408000000030082300002001000063000690000030
000340000200000407070008005003001002009060800700200300500600010102000009000014000
080000020001000600200050003006501200700604009004709300600010005007000900040000030
019200500700080300040500000300000000020107080000000001000004050005010006002006790
090568020000000000056000790300409007000000000400201008074000510000000000020134070
100000004245000708030500000900003100000807000007600002000009040402000653300000009
001400000000078601000050900080000023013000560950000070005040000309180000000007300
100000009060807050007000200210050093000408000430020087001000900050609040600000008
000080020400007900803400000000005001940010052500300000000009703009800004030060000
400000100002600400670000092020004000010709060000300020130000079007005300008000001
009000002000310800208600000050020001000408000600090040000006403007085000100000200
000002900008040070000607030040000050053809260010000090030204000070050600005700000
050030000001600908340701000000007005090000080700200000000309061604008300000060070
800040103000500700130000000000206080500000004020407000000000031002004000604070005
007300200300000001800620000073400005000000000500008490000067004200000006009004300
030000740000000080000485620200009000060104030000800009096731000020000000017000060
100000000002300074000200085600870050000906000090024003580002000940007800000000006
300100004000000090002009030100200700003000800008006001010400200050000000400007008
460001000002096000030000068000000037000607000510000000840000050000710900000300024
000050000009006800057000240080904000200060003000308010048000350001400700000090000
036000740000605000200000009705000201000209000902000403300000002000908000071000950
000000008003970000600030020800200070079000240010007009060050004000042900500000000
046000890000000000007953200070030050000407000090020080002741500000000000051000430
800000003000700000002004189008000000709601802000000300651300700000002000200000001
056000000100700200000092000014080000800000009000040350000530000009008002000000160
007090000080000102600002040400000009000346000500000007050900003301000020000060800
000000300000900070009050081410006000060070020000200054140030200080002000005000000
300006000000021000860007320024000000900000003000000670093100052000750000000800006
005430010100002000700000009080000020300000006020000030200000008000900007040081500
010000008630000400005700600000600030000239000050001000008004300002000095900000020
200000000090800056007300019000430080000000000040059000720001300180005070000000005
305001004002008000000060082940000000003000700000000043250010000000500900100400307
004870030210009000003000000060500000401000905000007020000000100000200078050086400
710000000209050600000008090006032000008000400000180900030700000004010708000000053
000673000300000004007000900010702080004090600080106090005000300200000007000429000
000005090006100003014890000960000000000020000000000072000018640700009200020300000
000009000030010006090280400059006003000000000800700940004025030200070050000800000
005000400800000003030802090000308000207040301000709000040605020600000005009000100
000600050804000600020080030000703004006050100300108000070010020002000301090007000
002090000080600001000010680700000000050206040000000008069070000500009030000030700
000910406500006000104080000700000050010000080020000003000060109000500002401073000
000070001640002009008000000803500000004080900000009706000000300900100062500040000
000057080300000000002900400200809300400000007007406008006002700000000005090310000
900002000100500004003000570000008690600000002014900000059000400200001006000300005
000000000701000805500819007004607300050000020007103500006985002409000608000000000
000200000028007500090014000160000000200301007000000084000540090003800650000006000
045000000000020790006030004000002530010000040059600000400010300067090000000000480
076000000000840007409000030702008040000000000030600809000400603500072000000000250
000010000760000590105000800000790010003000200080061000008000703074000086000030000
090000023000700080003900007107060000060040070000050608200001900008004000310000050
390004000000000900000502007250030090010000040070040085700901000001000000000800053
008000013000600500107090000050003069000000000320400070000050804005006000840000600
500030609020007400000000020001003005000286000600700900010000000007100040403090002
000080063004703001060000009030000206000030000502000080400000010600801700910050000
008000300000391000010802070250000031000030000830000056040106080000489000005000600
700000000006750209004090000400002090080000020050800003000010500103048600000000001
000000400000810000800063970010000704020708060706000090089420003000096000003000000
000730200020050080700400000000000605630000047108000000000009003090020060005076000
800732001000000000190000028004501600700000004009407100240000036000000000900128007
006000004020060007301008000004005030007000500090600800000800602100090050500000900
008000000070006500506008100300070010040000090010050002003700801009800070000000400
000004009460800003001090004000602070000000000020503000800010900100007042300900000
500000900000200001000130520020000007009406300400000010054069000900001000006000003
060300010035600200000008900000005070090080060080900000003700000006001420010002080
400003000000260009508000600820000010007000200010000063004000508100082000000900004
302008000950006000000031400000000230800000009067000000006570000000100085000200901
001040200000703000305000801020000080000609000090000050506000103000501000008060400
000006500827000001000027000008600000510000067000001200000790000600000829004500000
000002500304680000100000600051040000070060040000010780007000009000028103008700000
000360700080000020000907001000030100036000480005070000700209000050000060002046000
040108200057000000000002600004600000608000409000007500001300000000000730009501060
080007050090810000065200000004600000003000200000008700000004890000056030070900040
002060000006007009007008400900030001300502004600010003005300800800600500000020900
010008407950000000008010000082000000700406008000000620000050700000000082503200010
750090046901000302000000000200601007080000020100308005000000000309000204840030079
000890020009005007050000300093500100000107000001006840008000060900600400010028000
080790000000002090003008450008000001096000370300000200032500900040800000000064020
000400002004012009070008000020090170000080000061050040000900050600120300100003000
100034009740000000000080200090720150000000000017093020003050000000000096600970005
060000027000510000700800009540070000000408000000030082300002001000063000690000030
000340000200000407070008005003001002009060800700200300500600010102000009000014000
080000020001000600200050003006501200700604009004709300600010005007000900040000030
019200500700080300040500000300000000020107080000000001000004050005010006002006790
090568020000000000056000790300409007000000000400201008074000510000000000020134070
100000004245000708030500000900003100000807000007600002000009040402000653300000009
001400000000078601000050900080000023013000560950000070005040000309180000000007300
100000009060807050007000200210050093000408000430020087001000900050609040600000008
000080020400007900803400000000005001940010052500300000000009703009800004030060000
400000100002600400670000092020004000010709060000300020130000079007005300008000001
009000002000310800208600000050020001000408000600090040000006403007085000100000200
000002900008040070000607030040000050053809260010000090030204000070050600005700000
050030000001600908340701000000007005090000080700200000000309061604008300000060070
800040103000500700130000000000206080500000004020407000000000031002004000604070005
007300200300000001800620000073400005000000000500008490000067004200000006009004300
030000740000000080000485620200009000060104030000800009096731000020000000017000060
100000000002300074000200085600870050000906000090024003580002000940007800000000006
300100004000000090002009030100200700003000800008006001010400200050000000400007008
460001000002096000030000068000000037000607000510000000840000050000710900000300024
000050000009006800057000240080904000200060003000308010048000350001400700000090000
036000740000605000200000009705000201000209000902000403300000002000908000071000950
000000008003970000600030020800200070079000240010007009060050004000042900500000000
046000890000000000007953200070030050000407000090020080002741500000000000051000430
800000003000700000002004189008000000709601802000000300651300700000002000200000001
056000000100700200000092000014080000800000009000040350000530000009008002000000160
007090000080000102600002040400000009000346000500000007050900003301000020000060800
000000300000900070009050081410006000060070020000200054140030200080002000005000000
300006000000021000860007320024000000900000003000000670093100052000750000000800006
005430010100002000700000009080000020300000006020000030200000008000900007040081500
010000008630000400005700600000600030000239000050001000008004300002000095900000020
200000000090800056007300019000430080000000000040059000720001300180005070000000005
305001004002008000000060082940000000003000700000000043250010000000500900100400307
004870030210009000003000000060500000401000905000007020000000100000200078050086400
710000000209050600000008090006032000008000400000180900030700000004010708000000053
000673000300000004007000900010702080004090600080106090005000300200000007000429000
000005090006100003014890000960000000000020000000000072000018640700009200020300000
000009000030010006090280400059006003000000000800700940004025030200070050000800000
005000400800000003030802090000308000207040301000709000040605020600000005009000100
000600050804000600020080030000703004006050100300108000070010020002000301090007000
002090000080600001000010680700000000050206040000000008069070000500009030000030700
000910406500006000104080000700000050010000080020000003000060109000500002401073000
000070001640002009008000000803500000004080900000009706000000300900100062500040000
000057080300000000002900400200809300400000007007406008006002700000000005090310000
900002000100500004003000570000008690600000002014900000059000400200001006000300005
000000000701000805500819007004607300050000020007103500006985002409000608000000000
000200000028007500090014000160000000200301007000000084000540090003800650000006000
045000000000020790006030004000002530010000040059600000400010300067090000000000480
076000000000840007409000030702008040000000000030600809000400603500072000000000250
000010000760000590105000800000790010003000200080061000008000703074000086000030000
090000023000700080003900007107060000060040070000050608200001900008004000310000050
390004000000000900000502007250030090010000040070040085700901000001000000000800053
008000013000600500107090000050003069000000000320400070000050804005006000840000600
500030609020007400000000020001003005000286000600700900010000000007100040403090002
000080063004703001060000009030000206000030000502000080400000010600801700910050000
008000300000391000010802070250000031000030000830000056040106080000489000005000600
700000000006750209004090000400002090080000020050800003000010500103048600000000001
000000400000810000800063970010000704020708060706000090089420003000096000003000000
000730200020050080700400000000000605630000047108000000000009003090020060005076000
800732001000000000190000028004501600700000004009407100240000036000000000900128007
006000004020060007301008000004005030007000500090600800000800602100090050500000900
008000000070006500506008100300070010040000090010050002003700801009800070000000400
000004009460800003001090004000602070000000000020503000800010900100007042300900000
500000900000200001000130520020000007009406300400000010054069000900001000006000003
060300010035600200000008900000005070090080060080900000003700000006001420010002080
400003000000260009508000600820000010007000200010000063004000508100082000000900004
302008000950006000000031400000000230800000009067000000006570000000100085000200901
001040200000703000305000801020000080000609000090000050506000103000501000008060400
000006500827000001000027000008600000510000067000001200000790000600000829004500000
000002500304680000100000600051040000070060040000010780007000009000028103008700000
000360700080000020000907001000030100036000480005070000700209000050000060002046000
040108200057000000000002600004600000608000409000007500001300000000000730009501060
080007050090810000065200000004600000003000200000008700000004890000056030070900040
002060000006007009007008400900030001300502004600010003005300800800600500000020900
010008407950000000008010000082000000700406008000000620000050700000000082503200010
750090046901000302000000000200601007080000020100308005000000000309000204840030079
000890020009005007050000300093500100000107000001006840008000060900600400010028000
080790000000002090003008450008000001096000370300000200032500900040800000000064020
000400002004012009070008000020090170000080000061050040000900050600120300100003000
100034009740000000000080200090720150000000000017093020003050000000000096600970005
060000027000510000700800009540070000000408000000030082300002001000063000690000030
000340000200000407070008005003001002009060800700200300500600010102000009000014000
080000020001000600200050003006501200700604009004709300600010005007000900040000030
019200500700080300040500000300000000020107080000000001000004050005010006002006790
090568020000000000056000790300409007000000000400201008074000510000000000020134070
100000004245000708030500000900003100000807000007600002000009040402000653300000009
001400000000078601000050900080000023013000560950000070005040000309180000000007300
100000009060807050007000200210050093000408000430020087001000900050609040600000008
000080020400007900803400000000005001940010052500300000000009703009800004030060000
400000100002600400670000092020004000010709060000300020130000079007005300008000001
009000002000310800208600000050020001000408000600090040000006403007085000100000200
000002900008040070000607030040000050053809260010000090030204000070050600005700000
050030000001600908340701000000007005090000080700200000000309061604008300000060070
800040103000500700130000000000206080500000004020407000000000031002004000604070005
007300200300000001800620000073400005000000000500008490000067004200000006009004300
030000740000000080000485620200009000060104030000800009096731000020000000017000060
100000000002300074000200085600870050000906000090024003580002000940007800000000006
300100004000000090002009030100200700003000800008006001010400200050000000400007008
460001000002096000030000068000000037000607000510000000840000050000710900000300024
000050000009006800057000240080904000200060003000308010048000350001400700000090000
036000740000605000200000009705000201000209000902000403300000002000908000071000950
000000008003970000600030020800200070079000240010007009060050004000042900500000000
046000890000000000007953200070030050000407000090020080002741500000000000051000430
800000003000700000002004189008000000709601802000000300651300700000002000200000001
056000000100700200000092000014080000800000009000040350000530000009008002000000160
007090000080000102600002040400000009000346000500000007050900003301000020000060800
000000300000900070009050081410006000060070020000200054140030200080002000005000000
300006000000021000860007320024000000900000003000000670093100052000750000000800006
005430010100002000700000009080000020300000006020000030200000008000900007040081500
010000008630000400005700600000600030000239000050001000008004300002000095900000020
200000000090800056007300019000430080000000000040059000720001300180005070000000005
305001004002008000000060082940000000003000700000000043250010000000500900100400307
004870030210009000003000000060500000401000905000007020000000100000200078050086400
710000000209050600000008090006032000008000400000180900030700000004010708000000053
000673000300000004007000900010702080004090600080106090005000300200000007000429000
000005090006100003014890000960000000000020000000000072000018640700009200020300000
000009000030010006090280400059006003000000000800700940004025030200070050000800000
005000400800000003030802090000308000207040301000709000040605020600000005009000100
000600050804000600020080030000703004006050100300108000070010020002000301090007000
002090000080600001000010680700000000050206040000000008069070000500009030000030700
000910406500006000104080000700000050010000080020000003000060109000500002401073000
000070001640002009008000000803500000004080900000009706000000300900100062500040000
000057080300000000002900400200809300400000007007406008006002700000000005090310000
900002000100500004003000570000008690600000002014900000059000400200001006000300005
000000000701000805500819007004607300050000020007103500006985002409000608000000000
000200000028007500090014000160000000200301007000000084000540090003800650000006000
045000000000020790006030004000002530010000040059600000400010300067090000000000480
076000000000840007409000030702008040000000000030600809000400603500072000000000250
000010000760000590105000800000790010003000200080061000008000703074000086000030000
090000023000700080003900007107060000060040070000050608200001900008004000310000050
390004000000000900000502007250030090010000040070040085700901000001000000000800053
008000013000600500107090000050003069000000000320400070000050804005006000840000600
500030609020007400000000020001003005000286000600700900010000000007100040403090002
000080063004703001060000009030000206000030000502000080400000010600801700910050000
008000300000391000010802070250000031000030000830000056040106080000489000005000600
700000000006750209004090000400002090080000020050800003000010500103048600000000001
000000400000810000800063970010000704020708060706000090089420003000096000003000000
000730200020050080700400000000000605630000047108000000000009003090020060005076000
800732001000000000190000028004501600700000004009407100240000036000000000900128007
006000004020060007301008000004005030007000500090600800000800602100090050500000900
008000000070006500506008100300070010040000090010050002003700801009800070000000400
000004009460800003001090004000602070000000000020503000800010900100007042300900000
500000900000200001000130520020000007009406300400000010054069000900001000006000003
060300010035600200000008900000005070090080060080900000003700000006001420010002080
400003000000260009508000600820000010007000200010000063004000508100082000000900004
302008000950006000000031400000000230800000009067000000006570000000100085000200901
001040200000703000305000801020000080000609000090000050506000103000501000008060400
000006500827000001000027000008600000510000067000001200000790000600000829004500000
000002500304680000100000600051040000070060040000010780007000009000028103008700000
000360700080000020000907001000030100036000480005070000700209000050000060002046000
040108200057000000000002600004600000608000409000007500001300000000000730009501060
080007050090810000065200000004600000003000200000008700000004890000056030070900040
002060000006007009007008400900030001300502004600010003005300800800600500000020900
010008407950000000008010000082000000700406008000000620000050700000000082503200010
750090046901000302000000000200601007080000020100308005000000000309000204840030079
000890020009005007050000300093500100000107000001006840008000060900600400010028000
080790000000002090003008450008000001096000370300000200032500900040800000000064020
000400002004012009070008000020090170000080000061050040000900050600120300100003000
100034009740000000000080200090720150000000000017093020003050000000000096600970005
060000027000510000700800009540070000000408000000030082300002001000063000690000030
000340000200000407070008005003001002009060800700200300500600010102000009000014000
080000020001000600200050003006501200700604009004709300600010005007000900040000030
019200500700080300040500000300000000020107080000000001000004050005010006002006790
090568020000000000056000790300409007000000000400201008074000510000000000020134070
100000004245000708030500000900003100000807000007600002000009040402000653300000009
001400000000078601000050900080000023013000560950000070005040000309180000000007300
100000009060807050007000200210050093000408000430020087001000900050609040600000008
000080020400007900803400000000005001940010052500300000000009703009800004030060000
400000100002600400670000092020004000010709060000300020130000079007005300008000001
009000002000310800208600000050020001000408000600090040000006403007085000100000200
000002900008040070000607030040000050053809260010000090030204000070050600005700000
050030000001600908340701000000007005090000080700200000000309061604008300000060070
800040103000500700130000000000206080500000004020407000000000031002004000604070005
007300200300000001800620000073400005000000000500008490000067004200000006009004300
030000740000000080000485620200009000060104030000800009096731000020000000017000060
100000000002300074000200085600870050000906000090024003580002000940007800000000006
300100004000000090002009030100200700003000800008006001010400200050000000400007008
460001000002096000030000068000000037000607000510000000840000050000710900000300024
000050000009006800057000240080904000200060003000308010048000350001400700000090000
036000740000605000200000009705000201000209000902000403300000002000908000071000950
000000008003970000600030020800200070079000240010007009060050004000042900500000000
046000890000000000007953200070030050000407000090020080002741500000000000051000430
800000003000700000002004189008000000709601802000000300651300700000002000200000001
056000000100700200000092000014080000800000009000040350000530000009008002000000160
007090000080000102600002040400000009000346000500000007050900003301000020000060800
000000300000900070009050081410006000060070020000200054140030200080002000005000000
300006000000021000860007320024000000900000003000000670093100052000750000000800006
005430010100002000700000009080000020300000006020000030200000008000900007040081500
010000008630000400005700600000600030000239000050001000008004300002000095900000020
200000000090800056007300019000430080000000000040059000720001300180005070000000005
305001004002008000000060082940000000003000700000000043250010000000500900100400307
004870030210009000003000000060500000401000905000007020000000100000200078050086400
710000000209050600000008090006032000008000400000180900030700000004010708000000053
000673000300000004007000900010702080004090600080106090005000300200000007000429000
000005090006100003014890000960000000000020000000000072000018640700009200020300000
000009000030010006090280400059006003000000000800700940004025030200070050000800000
005000400800000003030802090000308000207040301000709000040605020600000005009000100
000600050804000600020080030000703004006050100300108000070010020002000301090007000
002090000080600001000010680700000000050206040000000008069070000500009030000030700
000910406500006000104080000700000050010000080020000003000060109000500002401073000
000070001640002009008000000803500000004080900000009706000000300900100062500040000
000057080300000000002900400200809300400000007007406008006002700000000005090310000
900002000100500004003000570000008690600000002014900000059000400200001006000300005
000000000701000805500819007004607300050000020007103500006985002409000608000000000
000200000028007500090014000160000000200301007000000084000540090003800650000006000
045000000000020790006030004000002530010000040059600000400010300067090000000000480
076000000000840007409000030702008040000000000030600809000400603500072000000000250
000010000760000590105000800000790010003000200080061000008000703074000086000030000
090000023000700080003900007107060000060040070000050608200001900008004000310000050
390004000000000900000502007250030090010000040070040085700901000001000000000800053
008000013000600500107090000050003069000000000320400070000050804005006000840000600
500030609020007400000000020001003005000286000600700900010000000007100040403090002
000080063004703001060000009030000206000030000502000080400000010600801700910050000
008000300000391000010802070250000031000030000830000056040106080000489000005000600
700000000006750209004090000400002090080000020050800003000010500103048600000000001
000000400000810000800063970010000704020708060706000090089420003000096000003000000
000730200020050080700400000000000605630000047108000000000009003090020060005076000
800732001000000000190000028004501600700000004009407100240000036000000000900128007
006000004020060007301008000004005030007000500090600800000800602100090050500000900
008000000070006500506008100300070010040000090010050002003700801009800070000000400
000004009460800003001090004000602070000000000020503000800010900100007042300900000
500000900000200001000130520020000007009406300400000010054069000900001000006000003
060300010035600200000008900000005070090080060080900000003700000006001420010002080
400003000000260009508000600820000010007000200010000063004000508100082000000900004
302008000950006000000031400000000230800000009067000000006570000000100085000200901
001040200000703000305000801020000080000609000090000050506000103000501000008060400
000006500827000001000027000008600000510000067000001200000790000600000829004500000
000002500304680000100000600051040000070060040000010780007000009000028103008700000
000360700080000020000907001000030100036000480005070000700209000050000060002046000
040108200057000000000002600004600000608000409000007500001300000000000730009501060
080007050090810000065200000004600000003000200000008700000004890000056030070900040
002060000006007009007008400900030001300502004600010003005300800800600500000020900
010008407950000000008010000082000000700406008000000620000050700000000082503200010
750090046901000302000000000200601007080000020100308005000000000309000204840030079
000890020009005007050000300093500100000107000001006840008000060900600400010028000
080790000000002090003008450008000001096000370300000200032500900040800000000064020
000400002004012009070008000020090170000080000061050040000900050600120300100003000
100034009740000000000080200090720150000000000017093020003050000000000096600970005
060000027000510000700800009540070000000408000000030082300002001000063000690000030
000340000200000407070008005003001002009060800700200300500600010102000009000014000
080000020001000600200050003006501200700604009004709300600010005007000900040000030
019200500700080300040500000300000000020107080000000001000004050005010006002006790
090568020000000000056000790300409007000000000400201008074000510000000000020134070
100000004245000708030500000900003100000807000007600002000009040402000653300000009
001400000000078601000050900080000023013000560950000070005040000309180000000007300
100000009060807050007000200210050093000408000430020087001000900050609040600000008
000080020400007900803400000000005001940010052500300000000009703009800004030060000
400000100002600400670000092020004000010709060000300020130000079007005300008000001
009000002000310800208600000050020001000408000600090040000006403007085000100000200
000002900008040070000607030040000050053809260010000090030204000070050600005700000
050030000001600908340701000000007005090000080700200000000309061604008300000060070
800040103000500700130000000000206080500000004020407000000000031002004000604070005
007300200300000001800620000073400005000000000500008490000067004200000006009004300
030000740000000080000485620200009000060104030000800009096731000020000000017000060
100000000002300074000200085600870050000906000090024003580002000940007800000000006
300100004000000090002009030100200700003000800008006001010400200050000000400007008
460001000002096000030000068000000037000607000510000000840000050000710900000300024
000050000009006800057000240080904000200060003000308010048000350001400700000090000
036000740000605000200000009705000201000209000902000403300000002000908000071000950
000000008003970000600030020800200070079000240010007009060050004000042900500000000
046000890000000000007953200070030050000407000090020080002741500000000000051000430
800000003000700000002004189008000000709601802000000300651300700000002000200000001
056000000100700200000092000014080000800000009000040350000530000009008002000000160
007090000080000102600002040400000009000346000500000007050900003301000020000060800
000000300000900070009050081410006000060070020000200054140030200080002000005000000
300006000000021000860007320024000000900000003000000670093100052000750000000800006
005430010100002000700000009080000020300000006020000030200000008000900007040081500
010000008630000400005700600000600030000239000050001000008004300002000095900000020
200000000090800056007300019000430080000000000040059000720001300180005070000000005
305001004002008000000060082940000000003000700000000043250010000000500900100400307
004870030210009000003000000060500000401000905000007020000000100000200078050086400